CNN RESULTS - CIC-IDS-2017
======================================================================

Dataset Shape: (1132001, 71)
Number of Classes: 9
Train Samples: 905600
Test Samples: 226401
Training Epochs: 11

PERFORMANCE METRICS
----------------------------------------------------------------------
Accuracy:  0.6646
Precision: 0.4417
Recall:    0.6646
F1 Score:  0.5307

CLASSIFICATION REPORT
----------------------------------------------------------------------
              precision    recall  f1-score   support

           0       0.66      1.00      0.80    150472
           1       0.00      0.00      0.00        25
           2       0.00      0.00      0.00     25398
           3       0.00      0.00      0.00     28262
           4       0.00      0.00      0.00      1019
           5       0.00      0.00      0.00      1009
           6       0.00      0.00      0.00      1183
           7       0.00      0.00      0.00     18360
           8       0.00      0.00      0.00       673

    accuracy                           0.66    226401
   macro avg       0.07      0.11      0.09    226401
weighted avg       0.44      0.66      0.53    226401


CONFUSION MATRIX
----------------------------------------------------------------------
[[150472      0      0      0      0      0      0      0      0]
 [    25      0      0      0      0      0      0      0      0]
 [ 25398      0      0      0      0      0      0      0      0]
 [ 28262      0      0      0      0      0      0      0      0]
 [  1019      0      0      0      0      0      0      0      0]
 [  1009      0      0      0      0      0      0      0      0]
 [  1183      0      0      0      0      0      0      0      0]
 [ 18360      0      0      0      0      0      0      0      0]
 [   673      0      0      0      0      0      0      0      0]]